2.613605
5.836384
28.466542
18.137154
2.45125
2.000954
4.131888
1.330025
2.076552
3.363823
1.933708
2.550072
2.054067
6.258358
2.108867
2.535394
5.07408
2.178448
23.11751
33.035812
109.563029
6.560527
2.171547
2.927486
5.066459
2.856853
4.731056
3.533757
1.958501
3.521766
12.648316
6.923929
2.231741
3.888143
3.145607
2.052624
9.035866
12.765594
2.482918
3.404189
3.121815
33.57989
3.074709
5.830021
41.44444
2.142747
5.613835
4.706927
3.884562
3.330365
3.108557
3.865212
4.005531
3.373799
3.461697
3.745801
3.957616
2.743594
3.989107
4.442825
3.335707
3.61608
6.929337
5.007967
3.648174
4.168644
4.43591
2.291019
4.117986
4.872931
3.090451
3.141603
3.562057
4.127362
3.675816
4.697591
2.47112
5.177108
4.811866
2.428798
3.280608
3.592998
4.432392
3.292895
6.617163
3.830176
5.528868
4.748078
3.114444
3.432862
4.804587
4.07574
2.903046
6.749075
3.769769
2.935777
3.888743
5.025344
3.232961
3.706219
4.597682
4.601282
3.46908
4.421136
3.101359
3.331255
4.988101
4.487979
2.643521
0.630336
0.207943
0.318647
0.150288
0.203613
0.245595
0.326919
0.269834
0.284173
0.201388
0.154903
0.257017
0.221943
0.359625
0.314876
0.274984
0.268671
0.19014
0.182178
0.164244
0.249822
0.250589
0.37766
0.263683
0.171671
0.160101
0.236465
0.327369
0.29379
0.219495
0.413843
0.333836
0.363501
0.164935
0.264007
0.366167
0.214651
0.231203
0.211099
0.248045
0.272027
0.218185
0.372142
0.280314
0.169026
0.272921
0.21082
0.224032
0.210896
0.418619
0.252922
0.357704
0.240445
0.220843
0.19648
0.205221
0.259393
0.223382
0.192293
0.190975
0.165642
0.21559
0.217665
0.368028
0.224279
0.307773
0.249132
0.262308
0.329925
0.267684
0.344894
0.352549
0.273388
0.228364
0.322074
0.308233
0.241761
0.25888
0.175422
0.211209
0.211134
0.210683
0.203563
